SEED: 0xaddc0defe3d5ee3d

costs:
0000065b, 00000b55, 00000aba, 00000738, 00000bc9, 00000d6a, 000003a7, 00000d0e, 000007da, 00000474, 00000728, 00000a76, 00000b8f, 000009ff, 00000ae1, 00000be6, 00000b66, 00000975, 00000b19, 00000a4c

paths:
00000002, 00000006, 00000008, 0000000e, 00000010

00000001, 00000002, 00000003, 00000000, 00000001, 00000002, 00000003, 00000000, 00000001, 00000002, 00000004, 00000005, 00000006, 00000007, 00000004, 00000005, 00000006, 00000007, 0000000a, 0000000b, 00000008, 0000000c, 00000010

00000003, 00000000, 00000007, 00000004, 00000005, 00000006, 00000007, 00000004, 00000009, 0000000c, 00000010

00000001, 00000002, 00000003, 00000000, 00000001, 00000002, 00000003, 00000007, 0000000b, 0000000c, 00000010

00000002, 00000003, 00000000, 00000001, 00000002, 00000003, 00000000, 00000001, 00000004, 0000000b, 00000008, 0000000d, 00000010

00000001, 00000002, 00000003, 00000000, 00000001, 00000002, 00000003, 00000000, 00000001, 00000002, 00000003, 00000000, 00000001, 00000002, 00000003, 00000000, 00000005, 00000006, 00000007, 00000004, 00000005, 00000006, 00000007, 00000004, 00000009, 0000000a, 0000000b, 00000008, 00000009, 0000000a, 0000000b, 00000008, 00000009, 0000000e, 00000010

00000002, 00000003, 00000000, 00000001, 00000002, 00000003, 00000000, 00000001, 00000007, 00000004, 00000005, 00000006, 00000007, 00000004, 00000005, 00000006, 00000007, 0000000a, 0000000b, 0000000e, 00000010

00000000, 00000001, 00000002, 00000003, 00000000, 00000001, 00000002, 00000003, 00000000, 00000001, 00000002, 00000003, 00000000, 00000001, 00000006, 00000008, 00000009, 0000000a, 0000000b, 00000008, 00000009, 0000000a, 0000000b, 00000008, 00000009, 0000000a, 0000000b, 00000008, 00000009, 0000000a, 0000000b, 0000000e, 00000010

00000003, 00000000, 00000007, 00000004, 00000005, 00000006, 00000007, 00000004, 00000008, 0000000e, 00000010

00000003, 00000000, 00000001, 00000002, 00000003, 00000000, 00000007, 0000000b, 00000008, 00000009, 0000000a, 0000000b, 00000008, 0000000c, 00000010

00000001, 00000002, 00000004, 00000005, 00000006, 00000009, 0000000a, 0000000b, 00000008, 00000009, 0000000a, 0000000b, 00000008, 00000009, 0000000a, 0000000b, 00000008, 00000009, 0000000d, 00000010

00000003, 00000006, 00000007, 00000004, 00000005, 00000006, 00000007, 00000004, 00000005, 00000006, 00000008, 00000009, 0000000e, 00000010

00000001, 00000002, 00000003, 00000000, 00000001, 00000002, 00000003, 00000000, 00000001, 00000002, 00000003, 00000000, 00000001, 00000002, 00000003, 00000000, 00000001, 00000002, 00000003, 00000000, 00000001, 00000002, 00000003, 00000004, 00000005, 0000000b, 00000008, 0000000f, 00000010

00000001, 00000002, 00000003, 00000000, 00000007, 0000000a, 0000000c, 00000010

00000002, 00000003, 00000000, 00000001, 00000002, 00000003, 00000000, 00000001, 00000002, 00000003, 00000000, 00000001, 00000002, 00000003, 00000000, 00000001, 00000002, 00000003, 00000000, 00000001, 00000002, 00000004, 00000005, 00000006, 00000007, 00000004, 00000005, 00000006, 00000007, 00000004, 00000005, 00000006, 00000007, 0000000b, 00000008, 00000009, 0000000a, 0000000b, 0000000c, 00000010

00000003, 00000000, 00000004, 00000005, 00000006, 0000000a, 0000000b, 00000008, 00000009, 0000000a, 0000000b, 0000000e, 00000010

00000003, 00000000, 00000001, 00000002, 00000003, 00000000, 00000001, 00000002, 00000003, 00000000, 00000001, 00000002, 00000003, 00000000, 00000001, 00000007, 00000004, 0000000b, 00000008, 00000009, 0000000a, 0000000b, 00000008, 00000009, 0000000a, 0000000b, 00000008, 00000009, 0000000a, 0000000b, 00000008, 00000009, 0000000a, 0000000b, 00000008, 00000009, 0000000a, 0000000e, 00000010

00000000, 00000001, 00000002, 00000003, 00000000, 00000001, 00000002, 00000003, 00000000, 00000001, 00000007, 00000004, 00000005, 00000009, 0000000a, 0000000b, 00000008, 00000009, 0000000a, 0000000b, 00000008, 00000009, 0000000a, 0000000b, 00000008, 00000009, 0000000d, 00000010

00000003, 00000007, 00000004, 00000005, 00000006, 00000007, 00000004, 00000008, 00000009, 0000000a, 0000000b, 00000008, 0000000e, 00000010

00000003, 00000000, 00000001, 00000002, 00000007, 00000004, 00000005, 00000006, 00000007, 00000008, 0000000d, 00000010
